2 0.392974 0.164016 0.083333 0.065606
2 0.486928 0.301193 0.032680 0.053678
2 0.338235 0.550696 0.016340 0.027833
2 0.160131 0.532803 0.035948 0.031809
2 0.141340 0.324056 0.037582 0.031809
2 0.194444 0.250497 0.117647 0.107356
2 0.304739 0.228628 0.207516 0.182903
2 0.474673 0.365805 0.089869 0.067594
2 0.716503 0.330020 0.250000 0.485089
2 0.511438 0.730616 0.346405 0.172962
2 0.861928 0.725646 0.076797 0.111332
0 0.475490 0.531809 0.065359 0.085487
0 0.572712 0.494036 0.053922 0.105368
0 0.543301 0.388668 0.047386 0.077535
0 0.552288 0.255467 0.035948 0.061630
