0 0.414216 0.220676 0.191176 0.131213
0 0.459150 0.296223 0.464052 0.318091
0 0.468954 0.532803 0.725490 0.433400
0 0.455882 0.860835 0.552288 0.278330
0 0.643791 0.559642 0.565359 0.240557
0 0.660948 0.349901 0.328431 0.159046
3 0.275327 0.104374 0.158497 0.113320
3 0.080065 0.163022 0.114379 0.147117
3 0.212418 0.423459 0.153595 0.234592
3 0.267974 0.658052 0.081699 0.135189
3 0.324346 0.765408 0.031046 0.051690
3 0.398693 0.873757 0.039216 0.045726
3 0.477124 0.919483 0.035948 0.017893
3 0.647876 0.886680 0.011438 0.011928
3 0.643791 0.741551 0.009804 0.015905
3 0.578431 0.665010 0.013072 0.021869
3 0.522059 0.600398 0.008170 0.007952
3 0.487745 0.495030 0.017974 0.003976
3 0.582516 0.523857 0.053922 0.053678
3 0.654412 0.579523 0.112745 0.109344
3 0.752451 0.597416 0.096405 0.085487
3 0.837418 0.588469 0.057190 0.079523
3 0.900327 0.538767 0.042484 0.067594
3 0.831699 0.402584 0.058824 0.085487
3 0.831699 0.319085 0.029412 0.025845
3 0.892974 0.273360 0.063725 0.069583
3 0.901144 0.195825 0.063725 0.073559
3 0.836601 0.136183 0.065359 0.065606
3 0.754085 0.152087 0.027778 0.037773
